$ANSIBLE_VAULT;1.1;AES256
34643038363964323965363461323665613465396330343466303434363935643061646434313039
3435316136613531343737383835663264613735323934620a653231396231396238323338333066
66323638663031323539376663653431313339376165363765363930303965643139303435373036
6561326364373461360a366535623834643330663235623935383934316239366131326336363834
61613362653033613636386233356637313530626236663065373530636466326163323135386364
37653465393765363537666262643034316530646364366536636165333531343036353865313766
32653534353934623734363737633265383362333930616635343731633665613930313133613434
31376132303630666637643537616365613530653739316535303465343635623435666165643333
36363137656536333333303934303337626161396136393933393039323134376133633662376664
33663266343865346431396134653034623562623037623339626265373934373863393933373332
33623965383764383239653137333763643862623539356337363037366161626233313538376339
63373662343965666466333336333534343265343735653464303535383639373663343961616634
36373363643039386366306536353166613636653135623737616235373130633861336632366639
64373532336265313635616365663863666566306164393538643238613337303936306566353366
30396238613538346164323036613038323631383937616666313835646235323036613464303933
37346436636431623261656164633361633734356336333333323965303631333766353661323830
61353736323830646233356434336264666665613662333662373262363061643064356431643739
30326163626336313465393331343430373263343835383264653630646333613230613637383862
62353664383631383262643661346530616536653361666130323331383163656535396338336234
39326137356265303933343464353631643331373264303638623732303263333263333430356365
35313537653634306366623734306461346565626539626335363330333137363635303363313835
30333832633763363062373735303963303337663839383161383666303631643434306366356134
66633031316532346634636232313565323061306130666362663932623532336662343130623932
66343366616239376161616537373734613331636132653263336362636363666663313738623134
3462
