$ANSIBLE_VAULT;1.1;AES256
37633765343361343536626462613430633466343463343038643637666337366539306138383063
6265343638666236633162303931636536383133613537640a306165336535656136623033623138
36303437303761646232663536313861626263373535363639306362323765646462313236353763
3062646462643864380a333730636536643135663062373931366366653165313331663565353430
38616535383232666130386365663838636236376262366133363531646633313566623662353761
61356530313163356331623531306261393230346633306563303161663332303236633932633263
64666135333934633535343265633033383232626534643036663938626436616233663330623230
62333366343632346337316663376233616163666238353439303931393631343039313163353835
34643633303037303564336666653337383536323531393037306233306466333263306462323139
35333335636164646535323531353635393438393264333366323236313161366532666366363130
64396232313061366461343234636266626566653761303936333434616162383235336631313866
34636639633435383730313865346433653235353935346135666231393036383439343631373131
34373239366536623737616434613965343030656132353365643939306666386532363265366631
36393039643866643830323539616430396336353565346136306463363833623263663665306661
33643463656534366364323631343438623864336531653635376563383062356132373331626262
64656638656132383666653133623832653539363134646634636566393666376365386362356565
32323635663930633363643634393565386666663966336164346262313932303033306237383761
65376663353732313133396539306439616335653730643837343135336437356663396533343739
36646138343762373733396364613431356364636531653834633061663733353636333062323139
66396632346135646234646661353134393964346139653932386430613739396337376263613133
37613336626138316238633861636530386362393231316161313732633138303064613064323930
34613633613134303335343132643563323939326637376539623437393730643862393865656563
33386630633533386437626330383264663462343436373737613538343562373436396138626338
37383562396164616665633437393739366337616264336139333338346134376636383834656630
64373033353832343935356137613831393730353438366634653062316639626562303337323938
39653266653836393139656437313531643437383464656436323131323663616237353937306137
32323933646337393435373663666162333438663335623765303337666330633663326535636439
63303935316136653861653736353238623463613134616165383731343036623862353864353364
30623331653237306431303266323362663963383462373232653834666131353061306565656565
63666463633938663763633936326533343639303466303633383939313530643264316234306566
36366635313866363166323537366335313430333561643030373263316261383233653563623035
39663039303033316239656366373431326462623765666664616563623334373036336534373661
35353638356166366138393235663638306239356132616633373034303137343865363834326366
38653766356164343333353466343032656663383764313765643237313365663038336531373134
62363362343232386631343463626430643239336535393535393235386163636366383237376431
65333563333061333031646465653033306439346661643338363665343533303639616466363730
30346334356161633961336534353532353535616239616131643166306362633832383433386335
38373930356134386361633064316239303166666662353263373963363734616132303964316532
33396465396230313831366236393031636164616533646665666663316134666566656433346132
37303737633630326534393534333638633332306433643335383939323166366434303937373162
64623835346433626132396631383638646532396339313266656463323362353061623631366261
65316263646339323639383534336263366232363436303566363034376137343465306636663935
34383434303038343334396639356638353930636433336264313934313437653064333231343437
36653130626632383533343639613138643761326239313536363664393263613661333264303939
33333139656666393530383635643639636132333937656662346430323861366539643038353239
66386264633565383961643965313834656561373439393337653138653730303562666364306262
37346465353934313163363839313234656437653466623165373863393231383564393065646435
62656635386634356463356464666333333066376566633337313663393266623037336534363132
34393637313039363536346636653034373433323064373862366630393637303265666364386635
64373164323263386464333830623636363161393537303936333263653166336166356364613735
36663661623662636566363036636563333531373564383738626639323938643538643037376436
36373866353235376239636430353766373765343334366434643632646631633762613861373939
32323435376335383461376561383739373962626464396263356239626430633130323437656261
66336565343333613539383461376235656137653030343239633036313833376238653732616531
66313630636434663165343130623364616365333433376238316135643732343661323732383834
30663138326336343136393431323435373836316431343362366562383636663765353564636537
38393038633332663366376231663065363933613065666434643532393330646433656435313434
35356665643839393332373563336333653064306261393639353331386533643864363535323736
38633536356139346466383765636664323132326138666466653363343430343261313661613365
35386565616632613061653562633430306661383132393734636533653163626238636237383136
35616437656462326336613837376363346363376336306135366235343762366266636432653133
39316234623461363839393335633935323036303838346233353966306562613265636332396637
62363638363132623638613866373462666235666139356630653834313165353364316633383534
65653631393230316435303531376230363764376165633436343430346165393130363438343435
34303265366466363936333639316465336630633863353065313133313966363564643736376536
31623534313234373730303265323931303662653662623165373031353033353931653932656262
65383238623639343764343836633032613630316466626236326331353466306261653762336533
35303262346137643532346166323739663165633935303163303836303761646336653562373030
35396636313033373232383333343637336537626232386430336638613366656165633738636563
62326131393532646161393764356236356434613134653164373565363337306562356634646237
38386664613938326433363362306136613562376331653137306337653234333337663135383665
66303632373131386165316364373334343935323830396631633861333763653935653334663836
39353162323763313561623665646239393336333366613030646665613765333032396361333432
65336433376362383336303238373435613466363535383666316637376661393164356237313235
61313531613962313236663066316362633634383165356539623462383535356238616135636263
33336231346535623563313236346230633065386665313361366636666236636230323037333135
32346363393739333666646261613165323361316434313139336135626434323031623931666361
37303834386637343637656336383231363238633565346436306134336634376134316464393064
62376136636565343130396462646638616534643964636437633563386332356130303765343932
62316333616537643865653837353632343136656537643163336535303266343534663663353131
62666462386164656635333832636439666338393537396535376234383333373063663436353735
39613837353037323665626539393039336634313063316335386465313865323230626134333466
37313634663662666135393766653936393862613633633230326632623434323862366134336636
36623532353033346531636466643439336134613561383739653036313033633930383461323366
38323933353463633362303236393738333063663066646465373663376435643038613138623364
36363230666638643930633839336631383436366461343832373838386234313164313239333337
35636236346336353063313334613661633131373035333637343334306138303464663136313337
35356665616463306365663039313836353865353961386632393337363238383136383434353930
37373830636337333134343361623963623733623839353763623738323139356434393933396232
35333038393364303530333735326162336461363265373566656635643238633861373233613435
33326430653430616666663832353764626531353536663138363661396233393434343637393966
38616336383132386465383266303632346235356162636161363232656434386238636134323538
38373161626635383330663233373333373638386330643539313266383730633230373236303935
35633633343063343733306231306464643862666331356464323062623733336336623635666639
64623365393536653337656464303438663631653436333562366635376264313734323639626366
38336136373234373363613233636330633963353031633134333532666461383136643735373137
33353431623437336335633163666130623136383333653265626163636632623066656661376130
31376266623430363234636362653934643435323738386266343462373732623364623965353439
34363930356664333135353735616139396239363266376662663332663162393636626361303732
33616634373161373234666531663739393766326564306537316236353635323364313037633631
66633035383262633131343466333730386365623566633262343361356563626331363163316430
66353333306230383362326336396263356565343666663862643065363630323565323966326433
61613833613065323264343931393434656437636538613033613531386663656138303965613163
62356231376238663839666562303931386661343430383639366464336230393466643962306430
64303164653139363339363563393163303138363739343466363864393766613133336265646664
63613630316137653664646263313836663831323862393535643765626665356436333066356534
37323330383230333462353038313163356461326531356630353630633335303331623635336331
61343866643335666266663162336365303464303061366630613530356538346138323632373032
62393731616363623033313734326163663864396231303535303535353338666265636132366131
30346437396437326137306232636137323535326636323835333935356430396365633639353965
64643638366133356262643461353261616339323133323430633137656636366464663234343432
63363965656564643866356631613932643632666461346637626232366331313164613735396137
33316463333131616264353931643236396134366364663737346139386431343865333430656530
37346235323931653034326365303464613530643238303935656262623765393564656137646465
30643938376630383234343764633930366561363836303238306362633431363732663031326561
38313439373338646565616231656536363535356438616435356630383766353565356330653965
38666665616632303263373566656265633663303763353165383465363534633363613336363737
38656139643336383736663430623538363233313737663431373733623032646636326339306438
61643032393738343335663033386263336161666231353932346466313439393963663331636535
37313130643735383365643231323532323132663633613733663435373735343934386661336638
32316563383365376261366363623063616237646334373431623032656138653131343262643266
33316338613136343136653863373630616563306530643062633136383135366238336165663237
35343937613562663831663163303334333539623131653738633561383137653630633666626265
35653037363564303037653631633663623932663435343065633763396531656535633633646366
37303631333531343032653262613639333934346665336432396530353637386137326433636564
37643665623536643261326563346561656233333035353830666464613634616636623731393364
37393865346130323434646165356131356635323362643761663232336236646133303865383331
38353136633865643864616266376631643261373461366637313963316365383734386431396463
36363864303664363862626636663833666266363931623437643939623935396630663861636435
37323165373035616566396231623138333833356332386563636565666135656138396265656231
35323234323636356237313961316633356639353261383330646534636439373731303963396533
62623239376535636435643437646561313139643736396566373464643636383630633035633335
36366236363432313264636361313932313263633636343139383830613363623961616466363435
3133663063636638363265393134656234396666613363626463
